10
411
462 362 57 947 716 201 236 550 816 360 76 188 561 792 495 747 805 459 46 467 358 490 601 749 127 849 642 220 527 822 631 341 185 688 289 901 241 877 803 57 589 879 597 150 672 92 250 829 552 648 296 262 138 250 11 266 451 653 838 978 476 821 320 13 509 961 914 103 190 718 160 780 949 758 282 973 202 532 803 754 181 451 368 319 53 732 937 505 737 776 483 565 597 803 578 459 764 493 562 307 563 74 87 864 184 369 838 387 254 993 493 435 444 214 754 498 946 692 355 683 820 838 249 417 994 827 228 110 672 790 417 235 217 504 452 401 226 290 140 480 635 986 915 431 200 21 281 146 65 636 829 885 475 430 655 821 258 883 931 930 26 349 518 595 205 970 996 431 612 489 263 247 475 178 30 27 552 312 173 969 948 354 207 775 785 862 596 395 97 528 677 475 229 547 70 434 869 419 218 481 260 481 80 87 12 111 114 564 423 639 885 723 345 92 499 482 954 447 877 404 327 907 879 556 454 302 343 324 73 913 157 333 394 238 420 758 701 534 674 476 525 560 551 870 652 402 353 959 850 582 363 529 489 594 438 296 248 781 620 321 46 777 654 792 367 74 551 420 960 225 896 837 785 800 708 790 202 413 749 404 995 464 934 837 58 372 133 307 505 105 628 551 882 635 343 602 61 894 22 22 472 271 211 609 423 919 399 625 684 148 30 680 612 964 869 23 336 354 682 193 459 310 744 693 297 439 295 359 334 670 733 158 293 944 767 716 216 167 341 900 667 723 932 280 687 801 655 375 507 337 568 966 647 664 660 297 104 307 656 790 977 741 948 622 685 715 338 253 882 32 154 550 755 86 182 443 240 837 170 99 174 91 66 173 755 78 822 211 385 478 1 715 571 301 337 257 17 28 862 251 60 16 153 167 455 687 962 47 524 133 146 
51
576 564 576 683 642 398 895 380 229 248 95 800 550 784 409 567 164 272 170 224 640 324 392 95 11 354 494 888 839 993 290 415 557 866 99 200 617 346 580 846 594 27 646 144 163 408 63 328 680 586 904 
321
262 648 768 625 355 262 513 194 255 156 962 165 374 413 365 991 759 297 837 353 676 836 850 839 244 265 167 276 851 424 596 113 72 716 739 427 331 604 622 938 760 936 103 487 349 820 478 108 117 668 461 793 856 663 985 100 929 504 728 132 928 676 246 1 393 337 428 724 293 402 662 406 338 118 893 687 938 371 795 56 391 609 201 247 624 538 699 553 43 427 38 971 104 284 972 849 973 753 925 266 155 939 672 494 57 917 533 996 641 329 404 32 290 605 632 914 144 331 820 539 111 858 510 567 494 835 416 819 588 693 85 743 632 110 589 690 27 123 38 668 452 442 53 94 399 685 8 543 16 180 434 479 390 945 398 884 780 166 55 368 859 141 463 492 603 53 534 630 176 572 651 980 14 704 426 413 389 786 309 757 967 743 589 357 40 987 594 820 154 649 540 13 142 356 857 745 409 391 728 937 963 731 269 329 787 695 95 528 481 404 637 800 499 226 158 540 566 104 712 720 105 605 85 600 961 943 697 722 686 777 11 2 508 280 331 295 975 778 823 808 534 461 609 34 39 119 926 605 575 990 325 680 947 763 280 908 58 978 982 744 107 993 98 616 625 782 263 952 560 439 761 95 252 722 481 291 841 407 897 416 749 574 448 697 689 81 957 747 59 292 844 518 637 942 134 263 724 750 567 285 189 680 380 441 402 213 732 595 620 981 11 721 908 812 418 597 893 728 697 304 20 
542
822 657 483 957 272 208 59 840 845 248 520 225 689 275 438 773 870 410 107 234 483 15 46 254 964 939 982 661 595 354 554 417 363 38 726 636 598 785 828 443 33 348 20 74 975 810 848 846 220 307 80 55 674 478 309 638 769 291 652 364 997 558 133 361 596 860 997 546 645 825 989 31 525 9 105 501 819 305 699 391 612 131 447 638 961 108 277 730 752 281 446 749 839 579 462 788 439 459 334 437 636 324 820 514 685 277 367 857 583 418 600 547 549 399 186 510 508 815 592 260 448 38 361 287 617 824 75 409 635 762 198 624 438 18 490 123 295 857 332 230 275 933 130 176 684 668 38 192 483 630 804 931 20 518 570 989 342 998 398 329 760 948 953 550 966 443 25 262 652 358 844 927 643 974 455 327 642 493 872 477 475 28 760 495 546 331 485 240 681 235 570 441 184 523 343 150 319 368 764 971 726 609 251 721 583 58 49 578 552 273 55 27 301 816 875 848 147 712 88 180 947 658 621 483 534 964 986 205 684 750 176 411 711 779 484 647 838 885 225 742 158 280 121 460 448 996 660 947 708 748 127 8 759 100 491 645 416 477 850 101 580 378 864 643 158 348 290 348 234 515 90 392 148 211 204 948 208 864 896 268 613 23 276 724 124 120 369 540 949 219 993 529 597 857 173 107 206 815 455 440 683 897 184 831 109 389 131 669 253 27 937 218 403 566 942 527 686 663 419 635 234 413 517 184 622 42 291 828 857 99 620 540 996 805 723 105 194 855 126 799 882 64 18 285 982 312 164 20 976 936 655 210 701 524 394 323 566 38 504 424 137 124 964 133 929 688 591 123 895 717 275 777 133 293 415 115 957 931 135 933 219 143 496 272 667 890 596 586 280 452 10 417 576 326 903 506 366 846 981 261 563 256 391 49 901 158 516 859 441 4 792 661 499 640 933 166 883 881 104 163 333 114 581 910 441 836 768 159 682 101 421 597 358 812 998 259 322 515 470 763 871 615 424 370 255 710 888 138 943 993 302 277 107 235 539 900 71 659 60 105 760 833 702 470 997 53 82 319 568 552 82 439 167 859 809 775 569 49 913 512 42 215 141 502 802 32 754 873 43 166 330 804 999 385 626 996 438 708 667 6 261 750 797 780 609 958 555 530 7 821 394 402 36 888 904 191 920 658 416 316 825 747 472 176 132 98 525 922 807 192 928 420 942 77 552 903 387 460 785 746 281 180 
149
669 68 52 860 340 711 277 8 888 24 480 64 508 579 589 430 738 134 710 510 76 139 62 332 526 522 469 272 803 649 421 473 69 825 333 762 888 962 770 776 338 251 193 198 182 134 628 920 268 690 430 697 181 492 29 707 367 498 332 170 500 105 995 921 930 681 683 171 995 454 299 334 57 492 532 239 627 513 159 247 555 941 944 737 785 325 796 152 176 128 675 28 585 22 949 868 703 633 39 699 439 338 385 496 183 269 87 162 782 246 409 690 187 354 427 324 31 223 477 207 704 152 235 289 174 185 157 230 170 196 281 961 887 18 457 70 287 544 232 422 142 993 112 681 699 539 5 731 762 
483
938 466 986 526 108 513 63 265 95 585 814 376 546 53 394 355 123 33 899 707 455 393 52 567 74 752 458 431 483 221 266 773 39 252 299 147 117 714 765 212 651 931 940 197 984 686 552 459 720 803 518 175 196 570 95 270 322 553 702 805 126 968 931 518 572 230 17 42 297 782 254 948 713 547 498 49 585 50 860 305 854 378 833 50 949 280 673 623 833 727 781 960 47 712 478 971 294 495 13 591 630 620 892 695 519 390 745 104 792 957 762 646 336 595 49 637 875 74 260 60 801 393 20 200 105 850 171 400 698 537 343 328 509 235 375 28 977 472 132 770 430 894 768 766 841 817 755 68 891 367 129 44 761 501 244 866 352 768 618 402 657 962 730 166 549 457 194 879 930 326 649 360 573 417 478 414 587 585 483 478 952 612 875 65 465 471 284 817 239 902 571 896 216 653 62 118 111 608 997 41 935 998 753 860 415 583 274 354 168 109 185 472 73 60 890 539 531 174 708 123 428 280 19 645 933 434 763 44 42 760 437 329 758 542 189 525 125 816 232 645 925 417 470 351 829 360 890 360 534 598 835 962 230 207 959 164 641 722 560 35 834 998 365 944 540 906 822 18 722 54 15 0 823 485 351 652 845 593 12 731 543 200 46 774 407 5 290 48 80 850 435 266 200 152 563 741 59 385 111 133 791 126 485 614 612 188 266 809 781 630 893 677 830 939 451 237 296 741 637 728 943 73 995 144 225 910 885 636 295 348 122 438 474 607 52 438 148 670 248 929 300 493 606 483 432 409 72 80 502 710 809 446 135 156 590 712 66 827 349 713 175 823 151 649 430 555 440 578 225 40 860 877 533 818 712 965 228 785 45 730 495 206 176 982 362 118 694 428 945 395 141 120 218 644 122 1 199 562 931 776 602 791 654 487 962 366 452 542 503 849 272 350 56 801 332 770 919 27 199 217 774 692 337 993 337 811 346 888 725 277 665 679 421 671 166 383 389 970 277 893 820 549 243 228 702 576 998 974 955 549 191 729 242 880 74 931 44 772 171 769 50 836 449 823 859 615 558 249 586 835 142 758 736 385 986 791 961 336 765 268 886 308 350 
481
540 776 763 584 549 934 354 951 123 155 774 982 770 684 231 708 519 373 466 607 111 804 398 72 141 515 693 379 823 43 211 716 819 326 652 720 260 358 671 735 513 797 70 636 481 653 344 352 27 163 960 138 967 358 562 460 226 607 839 49 650 50 117 822 376 770 542 989 128 566 76 994 363 146 630 197 800 326 549 179 489 861 669 457 572 583 917 798 191 109 847 193 511 317 367 240 439 910 581 919 828 657 913 543 156 895 740 308 222 290 487 711 503 508 520 75 91 790 873 634 899 73 828 410 390 547 2 829 809 583 748 637 593 14 181 749 909 921 57 483 563 896 547 67 756 67 142 199 857 16 834 108 89 14 871 831 561 873 12 371 457 760 360 50 126 541 151 388 815 560 871 730 456 418 797 564 486 292 763 695 660 949 804 101 963 675 932 877 548 944 600 357 56 312 759 183 206 910 571 21 470 442 103 278 213 253 842 699 545 958 746 205 907 550 306 223 577 590 452 478 534 404 187 590 716 947 125 922 857 696 295 680 491 399 310 704 652 505 755 197 463 501 754 722 404 412 945 981 2 749 459 888 153 647 478 870 946 604 792 155 652 88 835 143 487 498 199 491 3 954 40 818 456 794 540 860 558 838 193 912 587 5 800 741 4 278 611 950 234 755 105 239 195 293 734 34 791 934 525 146 240 565 964 696 711 504 908 269 694 102 181 282 459 981 375 463 612 986 765 198 93 870 789 289 515 524 323 306 458 849 804 698 766 768 747 478 625 7 747 319 461 281 601 920 614 976 383 578 314 148 777 760 371 566 49 886 442 372 545 900 573 349 951 340 470 50 818 95 57 917 414 519 198 368 439 813 696 175 743 363 675 520 123 398 439 172 637 881 896 182 134 470 883 437 162 705 487 332 800 544 249 567 415 800 935 855 613 631 382 356 994 409 229 117 808 20 641 445 253 538 979 739 360 214 176 522 920 663 854 720 560 455 287 975 255 574 182 220 558 916 929 552 326 158 22 134 530 663 579 783 553 910 523 913 124 51 787 44 67 993 117 627 449 404 954 704 331 137 925 889 405 854 793 731 364 815 865 246 831 796 29 
737
706 904 650 831 308 789 227 375 783 344 2 584 101 308 288 432 797 565 673 203 419 466 934 135 282 152 381 465 948 763 201 7 19 203 190 327 345 417 54 128 114 56 712 215 365 352 999 514 918 672 717 689 138 652 825 772 804 558 237 104 673 791 463 45 346 653 372 691 423 427 819 537 835 883 104 552 236 455 67 506 479 784 195 617 788 372 742 944 283 331 401 956 122 864 1 821 518 726 512 941 505 332 830 692 567 934 597 155 741 664 661 220 800 857 189 941 581 931 885 864 615 286 173 89 151 526 910 21 252 423 314 109 755 144 802 674 430 399 830 171 415 491 391 215 700 580 508 634 512 394 498 127 32 23 568 535 550 479 556 802 902 222 264 9 366 66 683 148 817 865 319 584 357 62 151 409 643 660 43 507 54 894 986 438 917 554 974 467 33 882 622 935 105 886 944 823 304 980 972 473 845 291 57 554 354 208 316 349 868 711 856 922 605 194 361 875 748 687 694 134 569 316 421 674 554 366 498 210 698 822 683 543 113 740 450 819 949 766 520 817 477 728 92 435 922 805 310 23 492 356 157 61 673 578 88 579 296 938 790 346 760 473 890 225 214 692 45 515 458 917 332 935 646 776 722 568 581 32 943 425 389 100 839 414 31 927 345 679 865 135 26 625 961 268 202 527 960 599 42 418 517 726 705 163 503 428 83 84 812 27 862 553 479 701 319 510 628 665 542 845 152 568 822 113 836 24 640 796 624 34 566 493 761 271 656 616 51 91 700 864 118 562 417 950 615 89 812 243 754 354 88 906 922 262 372 110 287 364 258 263 399 824 756 512 448 764 128 499 855 180 363 974 95 133 276 710 222 88 306 328 443 746 586 717 9 310 828 648 675 438 911 426 263 19 290 711 783 418 562 638 950 278 964 45 411 240 108 985 329 414 665 124 160 603 841 521 914 21 169 941 460 432 367 75 451 657 138 234 427 700 225 729 978 189 775 741 782 235 78 463 649 95 587 161 699 780 683 613 154 204 554 966 637 273 41 88 282 531 675 61 583 900 790 914 441 917 655 575 152 86 38 801 181 625 315 232 758 350 197 912 554 751 878 543 376 271 632 658 802 659 719 737 911 510 651 704 427 659 280 932 745 318 85 278 296 400 511 54 750 708 966 657 812 196 200 188 467 184 199 621 843 270 358 106 132 362 811 912 21 91 844 766 761 929 396 57 682 259 111 784 320 429 441 484 977 642 24 796 178 223 417 22 846 128 480 978 490 291 242 863 734 86 981 496 368 377 553 50 989 17 834 661 798 628 145 776 622 169 572 800 745 342 174 943 822 655 273 664 298 516 879 33 602 860 881 322 589 434 724 578 803 911 239 954 539 736 730 161 906 654 961 3 348 488 946 522 143 219 538 441 87 417 826 42 277 707 364 867 494 89 797 297 0 37 603 891 125 685 52 31 340 365 386 40 853 684 915 348 256 453 142 343 223 968 385 500 676 102 719 522 191 517 171 543 906 775 434 31 460 838 415 152 203 153 545 409 190 460 109 798 265 251 141 488 572 879 341 600 981 412 122 524 281 293 67 539 68 853 571 881 691 338 33 246 843 578 655 33 390 117 831 656 368 325 496 940 556 189 540 889 602 14 413 883 308 832 423 728 685 346 961 376 36 995 974 231 925 
631
265 668 99 448 676 819 125 172 760 681 714 652 570 316 19 335 551 327 519 326 407 556 672 369 932 60 716 259 292 993 889 909 661 340 709 337 159 835 862 271 868 576 924 791 244 943 126 795 622 998 122 381 554 146 750 839 559 466 98 851 460 339 112 473 679 821 811 838 656 25 110 877 953 386 668 197 681 146 344 655 144 818 36 699 965 787 538 524 605 636 727 65 975 839 539 654 12 702 844 21 727 306 898 32 692 566 229 725 712 925 380 857 744 417 908 61 556 446 585 161 434 664 579 761 855 470 767 867 172 611 888 251 918 786 635 962 704 864 688 417 789 68 626 885 837 886 946 745 684 883 907 118 547 838 879 402 308 646 270 832 609 510 435 527 297 70 490 1 286 530 770 427 950 748 313 788 634 259 885 318 143 792 436 42 982 667 445 290 665 67 474 275 577 909 154 226 331 644 228 617 526 350 45 477 99 358 617 85 969 502 404 464 647 192 507 629 860 304 272 877 723 746 152 300 8 307 879 339 303 459 957 830 809 354 307 260 64 276 346 33 778 750 850 425 294 357 407 506 13 679 384 736 777 536 388 137 195 267 829 499 726 786 681 888 492 988 148 556 264 494 941 394 596 791 172 891 500 579 397 513 610 781 249 739 670 990 877 865 257 706 716 336 844 397 576 336 737 724 244 353 571 185 748 167 329 920 410 829 851 160 695 461 941 296 200 963 286 429 829 896 135 897 232 331 295 808 667 32 884 911 386 807 449 486 975 778 406 737 959 257 897 654 70 191 951 270 154 237 52 335 133 187 233 717 519 880 877 538 912 114 802 650 921 251 136 248 381 894 986 340 503 235 347 573 426 298 196 581 535 248 268 21 787 853 90 306 733 320 197 646 434 999 296 707 602 785 956 335 679 294 675 183 529 374 108 956 672 304 889 560 552 509 933 340 363 23 998 96 695 195 94 481 194 391 189 148 528 145 483 207 439 511 742 320 885 851 276 910 155 517 470 60 27 403 752 390 778 102 838 826 298 933 307 844 676 496 345 204 993 828 763 784 339 506 105 577 709 733 487 864 251 957 276 630 712 380 372 842 483 210 668 133 143 328 329 171 824 674 375 818 503 139 602 194 997 59 771 706 793 610 922 44 919 551 674 983 931 46 826 766 608 846 899 104 174 229 275 351 903 651 521 758 142 475 953 491 535 76 549 328 687 471 724 958 374 750 942 306 148 768 424 756 966 324 860 493 905 136 844 160 139 365 919 633 840 224 124 727 652 673 55 339 496 779 650 871 881 592 529 29 360 953 786 678 277 998 171 182 486 15 695 625 732 614 610 573 838 734 300 842 759 708 534 256 839 184 127 721 776 656 750 488 961 888 166 239 887 338 773 725 705 468 703 438 434 313 363 624 48 15 467 159 75 1 415 915 185 894 636 961 902 
739
449 864 979 615 103 218 305 228 943 11 49 646 801 483 960 164 460 360 531 927 519 607 280 935 522 465 181 510 778 84 600 227 948 579 194 403 797 852 631 93 863 680 739 16 516 51 532 976 411 63 255 283 22 535 570 544 352 751 406 130 835 359 357 783 290 903 186 88 755 170 533 970 202 272 986 718 676 870 46 87 934 653 722 956 188 292 853 540 44 611 670 231 322 379 15 613 635 553 53 390 723 586 713 278 858 51 996 886 922 395 974 208 48 48 516 589 341 721 481 737 685 504 968 7 883 983 620 518 889 673 261 964 259 974 242 470 377 591 356 299 338 682 859 738 731 376 327 72 449 809 809 134 313 129 142 548 465 762 419 354 436 680 318 47 6 913 517 383 504 874 35 842 908 894 580 639 622 260 63 72 421 224 206 86 354 700 634 819 463 53 173 251 85 843 298 443 108 168 827 964 394 214 158 302 460 91 294 83 351 357 507 772 934 65 210 288 766 844 107 581 250 632 184 335 827 834 131 288 2 310 252 396 524 411 51 984 502 345 419 853 54 278 977 988 696 187 276 814 383 735 395 633 719 931 321 899 765 804 187 120 114 439 868 638 850 919 974 704 616 746 909 671 376 238 659 72 777 288 886 161 23 633 146 95 564 819 994 682 623 181 154 737 972 22 727 175 294 54 879 910 152 789 933 528 27 593 601 805 233 839 318 256 473 464 703 389 284 697 423 259 230 577 997 203 952 76 378 246 130 609 508 282 398 442 163 778 387 116 935 620 955 253 228 428 69 932 170 705 981 593 965 212 523 314 767 475 390 497 73 873 106 933 507 857 375 670 635 114 138 922 734 94 175 315 874 596 247 44 302 580 990 267 792 513 933 911 340 675 408 765 548 867 698 408 724 426 430 711 540 569 633 627 663 160 942 889 756 189 934 58 769 276 677 914 141 610 177 481 286 586 598 186 453 296 594 529 722 377 240 615 946 873 242 961 33 184 850 789 725 136 200 846 412 877 760 553 840 290 386 126 876 984 664 681 633 611 210 355 988 450 970 934 675 564 247 708 748 97 849 473 234 49 320 998 279 432 552 119 722 938 597 950 275 613 631 908 224 193 615 564 995 938 850 670 502 97 730 251 195 932 76 781 333 396 779 612 181 683 83 903 622 32 206 249 646 837 157 222 383 772 787 378 710 637 401 213 735 131 816 282 415 892 415 749 641 546 713 822 230 149 77 204 181 283 453 179 473 610 754 856 734 541 586 445 530 987 10 617 471 826 251 886 70 666 987 711 213 701 533 795 202 963 999 383 246 804 915 71 414 669 279 500 210 866 297 92 205 307 710 28 485 961 267 556 628 254 267 193 307 153 988 509 116 339 245 362 143 160 434 909 829 713 409 391 931 707 835 137 14 545 517 852 507 784 408 487 391 675 680 698 828 20 560 944 359 805 659 854 317 445 763 498 158 172 241 442 231 76 931 598 622 448 450 129 585 858 968 976 885 0 674 66 20 586 10 731 391 21 585 708 466 700 558 977 224 799 419 456 876 350 406 498 150 208 979 735 418 947 711 303 947 738 369 967 324 732 50 68 105 987 128 572 687 687 549 263 486 320 71 362 22 477 860 172 685 839 908 103 786 971 759 733 709 480 52 386 564 454 454 670 793 582 242 832 269 143 96 756 463 
